202506030301
202506030302
202506030303
202506030304
202506030305
202506030306
202506030307
202506030308
202506030309
202506030310
202506030311
202506030312
202509020301
202509020302
202509020303
202509020304
202509020305
202509020306
202509020307
202509020308
202509020309
202509020310
202509020311
202509020312
202506030401
202506030402
202506030403
202506030404
202506030405
202506030406
202506030407
202506030408
202506030409
202506030410
202506030411
202506030412
202509020401
202509020402
202509020403
202509020404
202509020405
202509020406
202509020407
202509020408
202509020409
202509020410
202509020411
202509020412
202506030501
202506030502
202506030503
202506030504
202506030505
202506030506
202506030507
202506030508
202506030509
202506030510
202506030511
202506030512
202509020501
202509020502
202509020503
202509020504
202509020505
202509020506
202509020507
202509020508
202509020509
202509020510
202509020511
202509020512
202503010101
202503010102
202503010103
202503010104
202503010105
202503010106
202503010107
202503010108
202503010109
202503010110
202503010111
202503010112
202506030601
202506030602
202506030603
202506030604
202506030605
202506030606
202506030607
202506030608
202506030609
202506030610
202506030611
202506030612
202509020601
202509020602
202509020603
202509020604
202509020605
202509020606
202509020607
202509020608
202509020609
202509020610
202509020611
202509020612
202503010201
202503010202
202503010203
202503010204
202503010205
202503010206
202503010207
202503010208
202503010209
202503010210
202503010211
202503010212
202506030701
202506030702
202506030703
202506030704
202506030705
202506030706
202506030707
202506030708
202506030709
202506030710
202506030711
202506030712
202509020701
202509020702
202509020703
202509020704
202509020705
202509020706
202509020707
202509020708
202509020709
202509020710
202509020711
202509020712
202503010301
202503010302
202503010303
202503010304
202503010305
202503010306
202503010307
202503010308
202503010309
202503010310
202503010311
202503010312
202506030801
202506030802
202506030803
202506030804
202506030805
202506030806
202506030807
202506030808
202506030809
202506030810
202506030811
202506030812
202509020801
202509020802
202509020803
202509020804
202509020805
202509020806
202509020807
202509020808
202509020809
202509020810
202509020811
202509020812
202503010401
202503010402
202503010403
202503010404
202503010405
202503010406
202503010407
202503010408
202503010409
202503010410
202503010411
202503010412
202505020101
202505020102
202505020103
202505020104
202505020105
202505020106
202505020107
202505020108
202505020109
202505020110
202505020111
202505020112
202508020101
202508020102
202508020103
202508020104
202508020105
202508020106
202508020107
202508020108
202508020109
202508020110
202508020111
202508020112
202503010501
202503010502
202503010503
202503010504
202503010505
202503010506
202503010507
202503010508
202503010509
202503010510
202503010511
202503010512
202505020201
202505020202
202505020203
202505020204
202505020205
202505020206
202505020207
202505020208
202505020209
202505020210
202505020211
202505020212
202508020201
202508020202
202508020203
202508020204
202508020205
202508020206
202508020207
202508020208
202508020209
202508020210
202508020211
202508020212
202503010601
202503010602
202503010603
202503010604
202503010605
202503010606
202503010607
202503010608
202503010609
202503010610
202503010611
202503010612