202535051301
202535051302
202535051303
202535051304
202535051305
202535051306
202535051307
202535051308
202535051309
202535051310
202535051311
202545051301
202545051302
202545051303
202545051304
202545051305
202545051306
202545051307
202545051308
202545051309
202545051310
202545051311
202545051312
202546051301
202546051302
202546051303
202546051304
202546051305
202546051306
202546051307
202546051308
202546051309
202546051310
202546051311
202546051312
202547051301
202547051302
202547051303
202547051304
202547051305
202547051306
202547051307
202547051308
202547051309
202547051310
202530051401
202530051402
202530051403
202530051404
202530051405
202530051406
202530051407
202530051408
202530051409
202530051410
202530051411
202530051412
202545051401
202545051402
202545051403
202545051404
202545051405
202545051406
202545051407
202545051408
202545051409
202545051410
202545051411
202545051412
202547051401
202547051402
202547051403
202547051404
202547051405
202547051406
202547051407
202547051408
202547051409
202547051410
202550051401
202550051402
202550051403
202550051404
202550051405
202550051406
202550051407
202550051408
202550051409
202550051410
202550051411
202550051412
202530051501
202530051502
202530051503
202530051504
202530051505
202530051506
202530051507
202530051508
202530051509
202530051510
202530051511
202530051512
202545051501
202545051502
202545051503
202545051504
202545051505
202545051506
202545051507
202545051508
202545051509
202545051510
202545051511
202545051512
202547051501
202547051502
202547051503
202547051504
202547051505
202547051506
202547051507
202547051508
202547051509
202547051510
202547051511
202550051501
202550051502
202550051503
202550051504
202550051505
202550051506
202550051507
202550051508
202550051509
202550051510
202550051511
202550051512
202545051601
202545051602
202545051603
202545051604
202545051605
202545051606
202545051607
202545051608
202545051609
202545051610
202545051611
202545051612
202547051601
202547051602
202547051603
202547051604
202547051605
202547051606
202547051607
202547051608
202547051609
202547051610
202547051611
202547051612
202550051601
202550051602
202550051603
202550051604
202550051605
202550051606
202550051607
202550051608
202550051609
202550051610
202550051611
202554051701
202554051702
202554051703
202554051704
202554051705
202554051706
202554051707
202554051708
202554051709
202554051710
202554051711
202554051712
202555051701
202555051702
202555051703
202555051704
202555051705
202555051706
202555051707
202555051708
202555051709
202555051710
202555051711
202565051701
202565051702
202565051703
202565051704
202565051705
202565051706
202565051707
202565051708
202565051709
202565051710
202565051711
202565051712
202535051801
202535051802
202535051803
202535051804
202535051805
202535051806
202535051807
202535051808
202535051809
202535051810
202535051811
202546051801
202546051802
202546051803
202546051804
202546051805
202546051806
202546051807
202546051808
202546051809
202546051810
202546051811
202554051801
202554051802
202554051803
202554051804
202554051805
202554051806
202554051807
202554051808
202554051809
202554051810
202554051811
202554051812
202555051801
202555051802
202555051803
202555051804
202555051805
202555051806
202555051807
202555051808
202555051809
202555051810
202565051801
202565051802
202565051803
202565051804
202565051805
202565051806
202565051807
202565051808
202565051809
202565051810
202565051811
202565051812
202535051901
202535051902
202535051903
202535051904
202535051905
202535051906
202535051907
202535051908
202535051909
202535051910
202535051911
202535051912
202544051901
202544051902
202544051903
202544051904
202544051905
202544051906
202544051907
202544051908
202544051909
202544051910
202544051911
202544051912
202565051901
202565051902
202565051903
202565051904
202565051905
202565051906
202565051907
202565051908
202565051909
202565051910
202565051911
202565051912
202535052001
202535052002
202535052003
202535052004
202535052005
202535052006
202535052007
202535052008
202535052009
202535052010
202535052011
202535052012
202544052001
202544052002
202544052003
202544052004
202544052005
202544052006
202544052007
202544052008
202544052009
202544052010
202544052011
202544052012
202546052001
202546052002
202546052003
202546052004
202546052005
202546052006
202546052007
202546052008
202546052009
202546052010
202546052011
202546052012
202548052001
202548052002
202548052003
202548052004
202548052005
202548052006
202548052007
202548052008
202548052009
202548052010
202548052011
202548052012
202530052101
202530052102
202530052103
202530052104
202530052105
202530052106
202530052107
202530052108
202530052109
202530052110
202530052111
202530052112
202544052101
202544052102
202544052103
202544052104
202544052105
202544052106
202544052107
202544052108
202544052109
202544052110
202544052111
202544052112
202548052101
202548052102
202548052103
202548052104
202548052105
202548052106
202548052107
202548052108
202548052109
202548052110
202548052111
202548052112
202550052101
202550052102
202550052103
202550052104
202550052105
202550052106
202550052107
202550052108
202550052109
202550052110
202550052111
202550052112
202530052201
202530052202
202530052203
202530052204
202530052205
202530052206
202530052207
202530052208
202530052209
202530052210
202530052211
202530052212
202544052201
202544052202
202544052203
202544052204
202544052205
202544052206
202544052207
202544052208
202544052209
202544052210
202544052211
202544052212
202548052201
202548052202
202548052203
202548052204
202548052205
202548052206
202548052207
202548052208
202548052209
202548052210
202548052211
202548052212
202550052201
202550052202
202550052203
202550052204
202550052205
202550052206
202550052207
202550052208
202550052209
202550052210
202550052211
202550052212